NOME_ALUNO,USERID,NotaCP,Nota1,Nota2,Nota3,Experiencia,Engajamento_ant,Nota4,engajamento_n4,engajamento_n4_media,Nota5,engajamento_n5,engajamento_n5_media,Nota6,engajamento_n6,engajamento_n6_media
Alexandre Henrique Oliveira de Sousa,63,0.0,10.0,10.0,0.0,2,66.0,10.0,78.57142857142857,72.28571428571428,9.411764705882351,78.57142857142857,78.57142857142857,7.777777777777778,55.55555555555556,67.06349206349206
Alisson vaz silva,56,7.275,10.0,10.0,10.0,2,100.0,8.928571428571429,85.71428571428571,92.85714285714286,8.196470588235295,85.71428571428571,85.71428571428571,10.0,100.0,92.85714285714286
Antonio Wills da Silva Santos,41,5.41,10.0,10.0,10.0,1,100.0,8.928571428571429,100.0,100.0,10.0,100.0,100.0,10.0,100.0,100.0
Ávila da Conceição Araújo,25,3.125,5.0,10.0,10.0,2,83.5,10.0,100.0,91.75,9.243529411764705,100.0,100.0,6.666666666666667,55.55555555555556,77.77777777777777
Carlos Eduardo Lima Coutinho,26,7.695,4.51,10.0,10.0,3,83.5,10.0,100.0,91.75,10.0,100.0,100.0,10.0,100.0,100.0
Crisfieldy Aristodenes Feitoza Ribeiro,20,3.33,5.0,10.0,0.0,3,50.0,10.0,92.85714285714286,71.42857142857143,10.0,92.85714285714286,92.85714285714286,10.0,55.55555555555556,74.20634920634922
Danielly dos Santos Almeida,43,3.33,4.51,10.0,10.0,2,83.5,4.642857142857143,100.0,91.75,9.362941176470589,100.0,100.0,10.0,100.0,100.0
Debriane da Silva Conceição,65,0.0,0.0,0.0,0.0,3,0.0,3.5714285714285716,71.42857142857143,35.714285714285715,6.015882352941176,71.42857142857143,71.42857142857143,7.222222222222222,55.55555555555556,63.492063492063494
Durval Veloso Barbosa Filho,40,0.83,10.0,0.0,0.0,2,40.0,7.5,92.85714285714286,66.42857142857143,9.528823529411763,92.85714285714286,92.85714285714286,10.0,100.0,96.42857142857143
Evelly Victory Vieira Pinto,50,6.24,5.0,8.75,5.0,2,100.0,10.0,100.0,100.0,9.411764705882351,100.0,100.0,10.0,44.44444444444444,72.22222222222223
Francisco Leonel Ferreira dos Santos,35,6.66,10.0,10.0,10.0,2,83.5,8.928571428571429,100.0,91.75,10.0,100.0,100.0,10.0,100.0,100.0
Gabriel Antonio Assunção Oliveira,36,5.615,10.0,10.0,10.0,3,83.5,9.642857142857142,96.42857142857144,89.96428571428572,8.529411764705882,96.42857142857144,96.42857142857144,8.88888888888889,100.0,98.21428571428572
Gabriel Viana Da Costa,34,5.41,4.5,10.0,10.0,1,100.0,10.0,100.0,100.0,9.705882352941176,100.0,100.0,8.88888888888889,100.0,100.0
Guilherme Oliveira de Menezes,48,7.285,4.51,10.0,10.0,1,83.5,10.0,100.0,91.75,10.0,100.0,100.0,10.0,22.22222222222222,61.111111111111114
Gustavo Marinho Santos,53,1.875,5.0,8.75,0.0,1,40.0,1.0714285714285714,10.714285714285714,25.357142857142858,,10.714285714285714,10.714285714285714,,,
Gustavo Neves,45,1.67,0.0,0.0,0.0,1,20.0,7.142857142857143,78.57142857142857,49.285714285714285,4.117647058823529,78.57142857142857,78.57142857142857,2.2222222222222223,66.66666666666666,72.61904761904762
Heráclito Thiago de Castro Santos,39,0.0,5.0,10.0,10.0,3,66.5,10.0,100.0,83.25,10.0,100.0,100.0,10.0,100.0,100.0
Hipócrates Augusto Soares Brandão Galvão de Carvalho,38,5.83,10.0,10.0,8.75,4,100.0,9.642857142857142,92.85714285714286,96.42857142857143,8.088235294117647,92.85714285714286,92.85714285714286,6.111111111111111,77.77777777777779,85.31746031746033
Isaac Levi Oliveira Chaves,54,4.795,6.25,10.0,5.0,2,83.5,9.642857142857142,96.42857142857144,89.96428571428572,10.0,96.42857142857144,96.42857142857144,10.0,100.0,98.21428571428572
Jonas Davi Nogueira Sena,30,4.375,5.0,10.0,8.75,2,100.0,10.0,100.0,100.0,9.117647058823527,100.0,100.0,7.222222222222222,88.88888888888889,94.44444444444444
José Cássios Costa Torres,22,6.445,10.0,10.0,10.0,2,100.0,10.0,100.0,100.0,10.0,100.0,100.0,10.0,100.0,100.0
Juan Pablo de sousa silva,49,5.83,4.51,10.0,10.0,3,100.0,10.0,100.0,100.0,9.411764705882351,100.0,100.0,8.88888888888889,55.55555555555556,77.77777777777777
Lara Emanuelly da Silva Santos,44,4.514,0.0,10.0,0.0,2,50.0,8.928571428571429,100.0,75.0,9.735294117647058,100.0,100.0,10.0,100.0,100.0
Loyse Kelly Cardoso Diniz,46,1.455,10.0,10.0,10.0,2,83.5,9.642857142857142,96.42857142857144,89.96428571428572,9.852941176470589,96.42857142857144,96.42857142857144,10.0,100.0,98.21428571428572
Lucas Eduardo Lima Da Silva,51,4.375,5.0,8.75,0.0,1,40.0,9.642857142857142,100.0,70.0,8.823529411764707,100.0,100.0,10.0,100.0,100.0
Luis Eduardo Martins Formiga,57,0.0,5.0,10.0,10.0,4,83.5,10.0,100.0,91.75,8.235294117647058,100.0,100.0,7.777777777777778,55.55555555555556,77.77777777777777
Luis Felipe Assunção Pereira,27,4.59,5.0,8.75,10.0,1,83.5,9.285714285714286,96.42857142857144,89.96428571428572,9.51,96.42857142857144,96.42857142857144,7.222222222222222,100.0,98.21428571428572
Mickaela evely Sousa de Freitas,60,0.0,0.0,0.0,0.0,1,0.0,10.0,100.0,50.0,6.598235294117647,100.0,100.0,6.666666666666667,55.55555555555556,77.77777777777777
Neudson Gabriel C. C. Branco,21,5.205,6.25,10.0,10.0,3,100.0,10.0,100.0,100.0,9.804117647058824,100.0,100.0,8.88888888888889,100.0,100.0
Pedro Victor Soares da Silva Araújo,18,4.505,10.0,10.0,10.0,2,83.5,10.0,96.42857142857144,89.96428571428572,10.0,96.42857142857144,96.42857142857144,10.0,100.0,98.21428571428572
Raislan Ítalo de Sousa da Silva,23,4.505,4.51,10.0,10.0,2,83.5,10.0,100.0,91.75,10.0,100.0,100.0,10.0,100.0,100.0
Randerson Sousa de Sá Nunes,29,4.58,5.0,10.0,5.0,2,83.5,10.0,82.14285714285714,82.82142857142857,3.333529411764706,82.14285714285714,82.14285714285714,8.88888888888889,100.0,91.07142857142857
Roberto Guilhon Rosa Filho,31,4.514,8.75,10.0,0.0,2,50.0,9.642857142857142,85.71428571428571,67.85714285714286,6.421764705882353,85.71428571428571,85.71428571428571,,,
Samuel Ryan da Fonseca Anunciação,37,3.75,5.0,10.0,5.0,1,100.0,10.0,100.0,100.0,9.150588235294116,100.0,100.0,10.0,100.0,100.0
Saymon Italo Cordeiro de Moura,47,1.875,0.0,10.0,0.0,1,50.0,9.642857142857142,92.85714285714286,71.42857142857143,2.3529411764705883,92.85714285714286,92.85714285714286,7.777777777777778,66.66666666666666,79.76190476190476
Victor Emanuel Cunha Morais,42,2.92,4.51,10.0,10.0,1,100.0,9.642857142857142,96.42857142857144,98.21428571428572,10.0,96.42857142857144,96.42857142857144,10.0,100.0,98.21428571428572
Willian Jorge Sousa Furtado,52,5.82,10.0,10.0,0.0,1,50.0,10.0,100.0,75.0,9.51,100.0,100.0,6.666666666666667,55.55555555555556,77.77777777777777
Ycaro Yan Lourenço Santos,28,3.955,10.0,10.0,10.0,3,100.0,9.642857142857142,96.42857142857144,98.21428571428572,5.5200000000000005,96.42857142857144,96.42857142857144,8.88888888888889,88.88888888888889,92.65873015873017
